
===============
Runtime : 0/100000
CE : 0
DUE : 0
SDC : 0

===============

===============
Runtime : 100000
CE : 2557
DUE : 0
SDC : 97443

===============

===============
Runtime : 100000
CE : 0.02557000000
DUE : 0.00000000000
SDC : 0.97443000000

===============
