
===============
Runtime : 0/100000
CE : 0
DUE : 0
SDC : 0

===============

===============
Runtime : 100000
CE : 56238
DUE : 0
SDC : 43762

===============

===============
Runtime : 100000
CE : 0.56238000000
DUE : 0.00000000000
SDC : 0.43762000000

===============
