
===============
Runtime : 0/100000
CE : 0
DUE : 0
SDC : 0

===============

===============
Runtime : 100000
CE : 100000
DUE : 0
SDC : 0

===============

===============
Runtime : 100000
CE : 1.00000000000
DUE : 0.00000000000
SDC : 0.00000000000

===============
