
===============
Runtime : 0/100000
CE : 0
DUE : 0
SDC : 0

===============

===============
Runtime : 100000
CE : 99154
DUE : 800
SDC : 46

===============

===============
Runtime : 100000
CE : 0.99154000000
DUE : 0.00800000000
SDC : 0.00046000000

===============
